id,Status_C,Status_CL,Status_D
7905,0.4815879947308915,0.017657678392749288,0.5007543268763592
7906,0.6287294343983933,0.11228996629175553,0.2589805993098511
7907,0.016125768255096453,0.0005995334729390411,0.9832746982719645
7908,0.9457546249856145,0.02072351223595,0.03352186277843552
7909,0.5277910297925165,0.004308775772813663,0.46790019443466985
7910,0.9959179792938214,0.0003090793516430946,0.003772941354535434
7911,0.9853181870829717,0.0007018047965663945,0.01398000812046178
7912,0.0522099817487682,0.005022080876608016,0.9427679373746238
7913,0.006209090117148111,0.0001394860465086833,0.9936514238363432
7914,0.8661157345193379,0.0010041935482637111,0.1328800719323985
7915,0.7411897073473644,0.013616731090679766,0.24519356156195565
7916,0.7293874329016947,0.0007750013664862749,0.26983756573181905
7917,0.6804201927840617,0.04285422138164067,0.2767255858342977
7918,0.782009348725477,0.0032871749322100903,0.21470347634231285
7919,0.775975465321047,0.08756862885289422,0.13645590582605865
7920,0.9786061922357597,0.0008279942423627033,0.02056581352187744
7921,0.669974777640447,0.0018353012684368735,0.3281899210911161
7922,0.008087988017250415,3.723395028625302e-05,0.9918747780324633
7923,0.8603145680304038,0.0024334367217681134,0.13725199524782794
7924,0.4843044376217461,0.22449875498825708,0.2911968073899969
7925,0.009308763788117576,0.00038203409997836023,0.9903092021119041
7926,0.4647359202726475,0.0007810625980543667,0.5344830171292981
7927,0.8060037876063855,0.009844898046675574,0.18415131434693896
7928,0.012930840069210815,0.00021406800309960722,0.9868550919276896
7929,0.9164567982464714,0.0026544411802711223,0.08088876057325736
7930,0.38847895436370805,0.2357178154104604,0.3758032302258316
7931,0.9367785851326714,0.0010858651735174232,0.062135549693811
7932,0.013383297865385892,0.012447744960348964,0.9741689571742651
7933,0.22068100425359033,0.0020779954838818994,0.7772410002625277
7934,0.9819120912264249,0.00022142521009286365,0.01786648356348226
7935,0.9509752881765178,0.0014536705106310138,0.047571041312851094
7936,0.8362286055687695,0.04711255851282005,0.11665883591841038
7937,0.1265729098695634,0.3057055173399616,0.567721572790475
7938,0.9797301705447552,0.0003630673842209307,0.019906762071023883
7939,0.4210179252573347,0.016406819245494857,0.5625752554971704
7940,0.03496841229979005,0.9510990578755761,0.013932529824633704
7941,0.11420051166525085,0.0061958894123855775,0.8796035989223637
7942,0.9719620352792905,0.0007010314373285989,0.02733693328338099
7943,0.016667741258853067,0.00038328169655854296,0.9829489770445885
7944,0.987838137458436,0.0005913859253823649,0.01157047661618173
7945,0.888487870474087,0.0013114055695205421,0.1102007239563925
7946,0.8921314549974855,0.0013886477466579013,0.10647989725585655
7947,0.9274147432072836,0.0007404852059008979,0.07184477158681558
7948,0.0636379970974971,0.20712522470710745,0.7292367781953953
7949,0.2820151532386237,0.0075849885123645076,0.7103998582490119
7950,0.9659497040203542,0.0022893699538932633,0.03176092602575275
7951,0.3374837932851126,0.2994124129771354,0.36310379373775203
7952,0.034192275393907526,0.0037754852968490565,0.9620322393092434
7953,0.0018956222282291194,8.599122568463019e-05,0.9980183865460861
7954,0.9375775605381231,0.001463641230443881,0.06095879823143301
7955,0.16352459561934726,0.03403057330417471,0.8024448310764779
7956,0.02819365510629578,0.024591834384834723,0.9472145105088694
7957,0.8857678623993736,0.00547565044807575,0.10875648715255067
7958,0.06800307663268525,0.0003795213005612754,0.9316174020667535
7959,0.4307725553376099,0.005640772632588822,0.5635866720298013
7960,0.07899478033646151,0.00858005757278573,0.9124251620907526
7961,0.9176349712845592,0.055651741413764305,0.02671328730167652
7962,0.4076122611901301,0.002446741437139442,0.5899409973727304
7963,0.04284482671417417,0.4951323833329623,0.4620227899528635
7964,0.005115551922454727,0.0038638482882578876,0.9910205997892874
7965,0.9684019924343549,0.0005277497973048633,0.031070257768340295
7966,0.7371333410797363,0.00456629834827338,0.2583003605719904
7967,0.6491448088388636,0.033211775256396646,0.3176434159047398
7968,0.9548781184447929,0.0002669733015482459,0.04485490825365883
7969,0.19124946367426904,0.009645558446947188,0.7991049778787837
7970,0.8586501812043938,0.00017717390635120725,0.141172644889255
7971,0.9262711256945649,0.0006870151229887358,0.07304185918244643
7972,0.5591808961217839,0.14431698119690275,0.2965021226813133
7973,0.942149340871988,0.007043045459436032,0.050807613668576154
7974,0.13974354412286064,0.00820165908321553,0.8520547967939238
7975,0.9384657971853848,0.00162418942557215,0.05991001338904305
7976,0.932405868596114,0.00019687886021620498,0.0673972525436698
7977,0.9255256902265679,0.005870409063791036,0.06860390070964095
7978,0.1464599442500226,0.006016977166880943,0.8475230785830965
7979,0.2723800556441669,0.15939854859927757,0.5682213957565555
7980,0.9870980345690301,0.00022332775671294792,0.012678637674256818
7981,0.9111697421132661,0.03218560468001207,0.056644653206721775
7982,0.7510614877640603,0.004149869177685068,0.2447886430582546
7983,0.9763897629326534,0.002033737995281867,0.021576499072064666
7984,0.1808606804828469,0.014986380480280826,0.8041529390368723
7985,0.2862295396582679,0.0022133907445427824,0.7115570695971893
7986,0.20592304490988822,0.017860071033564708,0.7762168840565471
7987,0.8595534857724798,0.052852767994155996,0.08759374623336427
7988,0.3745364803753021,0.0037924959411162616,0.6216710236835816
7989,0.9622751103943297,0.0008859836695977295,0.03683890593607273
7990,0.03779074740834312,0.00010055333313252086,0.9621086992585243
7991,0.05244824253114406,0.006444428857548124,0.9411073286113079
7992,0.988876812597592,0.00047162073434155167,0.010651566668066496
7993,0.4602775060798875,0.00922585076752469,0.5304966431525879
7994,0.9777276791589169,0.0010592235585145306,0.02121309728256856
7995,0.9567237266792065,0.0021874590230972595,0.04108881429769632
7996,0.016785503292030667,0.027101253332493486,0.9561132433754759
7997,0.9335300738985506,0.00890796582683958,0.05756196027460982
7998,0.0009548363622263219,0.00010542740898338276,0.9989397362287903
7999,0.0017827365918657652,0.00014073619164811242,0.9980765272164861
8000,0.8630521194084645,0.01312406376809603,0.12382381682343949
8001,0.9431193095119096,0.0075952440199374156,0.04928544646815311
8002,0.525738379772987,0.10706047407183024,0.36720114615518273
8003,0.7868351145033244,0.16500286747348936,0.04816201802318617
8004,0.17538279458253522,0.012809157068083768,0.8118080483493809
8005,0.8806996700902432,0.0011316479927914367,0.11816868191696536
8006,0.9340338580882225,0.0332638760810903,0.03270226583068718
8007,0.8459384568405431,0.02822825818440727,0.12583328497504956
8008,0.9516830545576936,0.003319681102932901,0.04499726433937355
8009,0.6300862552449471,0.006431575445064203,0.36348216930998856
8010,0.9651084947861,0.025651405357370465,0.00924009985652959
8011,0.7037540876735756,0.018549295873639435,0.27769661645278504
8012,0.946564156776429,0.006333906284797113,0.04710193693877391
8013,0.2149571905508699,0.0015595710992602461,0.78348323834987
8014,0.9692222296662105,0.011160274508114167,0.019617495825675194
8015,0.9783429748006933,0.00412513645069565,0.01753188874861099
8016,0.9936846340178234,0.0016159330504221703,0.004699432931754451
8017,0.37878767635749827,0.006812888297380443,0.6143994353451213
8018,0.6938287032655527,0.031128379848311637,0.2750429168861358
8019,0.9869740008399664,0.0024383177649073364,0.010587681395126392
8020,0.8267657367955368,0.0005067959472693828,0.1727274672571939
8021,0.009844117295910622,0.0036155452737026477,0.9865403374303868
8022,0.24680509700580075,0.005042146869548512,0.7481527561246506
8023,0.7008488172697281,0.006697143112634119,0.2924540396176378
8024,0.9711305108247639,0.0005768084405038051,0.0282926807347323
8025,0.45928760837810545,0.0012410613208865692,0.539471330301008
8026,0.9609477306091657,0.0005350587097589491,0.03851721068107534
8027,0.9879044356418204,0.0025135349296602555,0.009582029428519406
8028,0.06377524955975544,0.004949161737284418,0.9312755887029601
8029,0.7446559957236065,0.021562083323426573,0.2337819209529668
8030,0.9895494418356494,0.00033132656698123546,0.010119231597369379
8031,0.8023397562943407,0.038095485952860705,0.15956475775279863
8032,0.863857190879776,0.0006146168267560083,0.13552819229346816
8033,0.18866915417111946,0.11450703139211904,0.6968238144367616
8034,0.5040610134789598,0.006891497158218078,0.48904748936282205
8035,0.960832709736511,0.0007251761880271507,0.038442114075461664
8036,0.3711158919855066,0.6201247373512743,0.008759370663219163
8037,0.3433639861653662,0.03385219914495021,0.6227838146896836
8038,0.7397226954365229,0.0017921766977838651,0.2584851278656933
8039,0.13428546310913927,0.0022483684784170795,0.8634661684124436
8040,0.21064172160304748,0.07282885379470472,0.7165294246022479
8041,0.08423028074718443,0.0005789822039490561,0.9151907370488664
8042,0.03956905345476972,0.0011425214703048006,0.9592884250749256
8043,0.9613883798996113,0.0004150373496635972,0.03819658275072508
8044,0.005952163908263084,0.0009130465702134274,0.9931347895215235
8045,0.29832633138933573,0.05563750525491449,0.6460361633557499
8046,0.8679199920765112,0.0013153180483325977,0.13076468987515624
8047,0.8399250982754358,0.0009856438147438243,0.15908925790982018
8048,0.8986018313741956,0.012258385970316331,0.08913978265548804
8049,0.7928713040164528,0.1390313599663704,0.06809733601717674
8050,0.37891144319889114,0.006000939869677813,0.615087616931431
8051,0.17118743290576996,0.0023078111045212496,0.8265047559897087
8052,0.9876529142453483,0.0005578808581931531,0.011789204896458549
8053,0.07787058647441014,0.01619974819192274,0.9059296653336671
8054,0.8914513940706998,0.0032171753876584844,0.10533143054164154
8055,0.22624799111367344,0.06985328277547989,0.7038987261108466
8056,0.9575450346953996,0.01701721918862948,0.025437746115970966
8057,0.8272488053530084,0.0006898425206213203,0.17206135212637044
8058,0.8898341569665227,0.014219762477796249,0.09594608055568098
8059,0.9068169156958586,0.002705931424179333,0.09047715287996183
8060,0.04045107188837862,0.02390985221869338,0.935639075892928
8061,0.28016781359688564,0.006918372497638028,0.7129138139054764
8062,0.06478544943759057,0.0019493213451681293,0.9332652292172413
8063,0.9591210246912758,0.0010938631669310567,0.039785112141793144
8064,0.013529965692374711,0.1756916105816323,0.8107784237259931
8065,0.9545737033394102,0.025560318398201946,0.01986597826238783
8066,0.9895404226160021,0.002008248316038705,0.008451329067959376
8067,0.1316804323643291,0.013315977511600841,0.8550035901240699
8068,0.8658061056427947,0.010741506518273181,0.12345238783893193
8069,0.8527699652633104,0.005664789037265205,0.14156524569942433
8070,0.9768902181332136,0.0005508578718566966,0.022558923994929782
8071,0.9415267285476276,0.001032192890823553,0.05744107856154884
8072,0.9855982448224255,0.0010107526302663013,0.013391002547308262
8073,0.9885497760929519,0.0006484817301927103,0.010801742176855384
8074,0.7039669473977757,0.0016495736433229588,0.2943834789589014
8075,0.9576581398723341,0.00396447154980756,0.038377388577858426
8076,0.978641081537061,0.0008552643498064375,0.020503654113132538
8077,0.14862127755274715,0.11051075163239545,0.7408679708148574
8078,0.4804320731543859,0.0031942612967465304,0.5163736655488677
8079,0.88458458684182,0.00045703297201663245,0.11495838018616361
8080,0.7382384295528677,0.014946366362090667,0.24681520408504157
8081,0.9710803279906268,0.0015346729250087217,0.02738499908436438
8082,0.7878502723363736,0.0012578898965577893,0.2108918377670684
8083,0.2975979276751844,0.012898205130376575,0.689503867194439
8084,0.03782641641540826,0.0014011413951167308,0.960772442189475
8085,0.9585892152872757,0.03231836305045071,0.00909242166227353
8086,0.0010436842513065854,5.6702005931355254e-05,0.998899613742762
8087,0.46471754288978695,0.007625467996861429,0.5276569891133517
8088,0.09603893836928055,0.0017285434135698597,0.9022325182171496
8089,0.3814507078463139,0.006654635122175878,0.6118946570315102
8090,0.018171795418966248,0.002628521727105589,0.979199682853928
8091,0.9567421291396142,0.007804316114202729,0.03545355474618293
8092,0.005598287424023196,0.00042517240576342885,0.9939765401702135
8093,0.9172430274926392,0.0016915078295361076,0.08106546467782476
8094,0.41459078898142826,0.21030803653101018,0.37510117448756153
8095,0.5698093273481879,0.3383446864704124,0.09184598618139975
8096,0.2057161454620749,0.0005011882253548628,0.7937826663125703
8097,0.13261679620064176,0.004941557825500984,0.8624416459738573
8098,0.9089045320919912,0.01936285291777668,0.07173261499023216
8099,0.4802728042044782,0.001953809616277354,0.5177733861792445
8100,0.11993342241409945,0.0002494392971017658,0.8798171382887988
8101,0.07898787455293878,0.008773276611310537,0.9122388488357506
8102,0.8523034554537914,0.015782373228991058,0.13191417131721758
8103,0.34847821521561984,0.4643286842499002,0.18719310053447993
8104,0.5998383238679627,0.05156050101462467,0.34860117511741257
8105,0.027797135369854762,0.00013082005588572302,0.9720720445742596
8106,0.9748054486127031,0.001975002912775728,0.023219548474521276
8107,0.006408972168114807,0.001730449638775438,0.9918605781931097
8108,0.9910222630897361,0.004293001223455808,0.004684735686808158
8109,0.6539600955652812,0.001839471858336771,0.344200432576382
8110,0.9966851477000043,0.0005306936644472039,0.0027841586355485063
8111,0.8515079003308772,0.043329449661073535,0.10516265000804934
8112,0.7040292829162358,0.029552532879739597,0.2664181842040246
8113,0.010362975959921562,0.007663341613855367,0.981973682426223
8114,0.06169785221097988,0.10851184485029731,0.8297903029387227
8115,0.9489345699592541,0.0010704372601473774,0.04999499278059874
8116,0.9123708231733169,0.014573051317839082,0.07305612550884401
8117,0.0396930636012624,0.006371924672398799,0.9539350117263389
8118,0.2413144806335252,0.08302659522456031,0.6756589241419145
8119,0.4575534701071212,0.04340413860304657,0.49904239128983213
8120,0.9913871037833637,0.0026078633431110216,0.0060050328735252664
8121,0.25740980809412545,0.307290588755965,0.43529960314990956
8122,0.9738897541758762,0.003128965200557885,0.02298128062356596
8123,0.9768642349561302,0.0016106802912871818,0.021525084752582822
8124,0.5759779568685203,0.012454035408422194,0.4115680077230575
8125,0.5560807429351884,0.003642691578998552,0.44027656548581295
8126,0.8016297722012603,0.012302840886008578,0.18606738691273106
8127,0.28634022145751103,0.018000878961135648,0.6956588995813534
8128,0.47638358877072545,0.004696701187940317,0.5189197100413342
8129,0.9493230587953443,0.03366602926296876,0.01701091194168714
8130,0.25538586327273566,0.047766293615387465,0.6968478431118769
8131,0.025893914098794386,0.007574254256104253,0.9665318316451014
8132,0.7219424077031418,0.15344714754279842,0.1246104447540598
8133,0.9652048187008508,0.0047031938532983405,0.03009198744585092
8134,0.709501711304761,0.0308541213923782,0.25964416730286094
8135,0.03061855959683159,0.001160670046249295,0.9682207703569191
8136,0.011049585125946136,0.0002881220220014679,0.9886622928520524
8137,0.3312484268839768,0.013257503969251497,0.6554940691467717
8138,0.11083867817555851,0.004247845423486328,0.8849134764009552
8139,0.04952958273615136,0.0025917258943277976,0.9478786913695207
8140,0.8158506077773983,0.008618328276248081,0.17553106394635368
8141,0.6607967883377778,0.001515794941173977,0.33768741672104824
8142,0.9483353353324251,0.02608650858085313,0.025578156086721687
8143,0.9776547685230667,0.011273052840882168,0.011072178636051033
8144,0.1401783713527183,0.025754189374384805,0.8340674392728968
8145,0.9167907106211665,0.002939780401296663,0.08026950897753699
8146,0.9616779473177398,0.001868461990990548,0.03645359069126953
8147,0.36108258149315875,0.00750795917772064,0.6314094593291207
8148,0.9557117242585188,0.008918541591703516,0.035369734149777676
8149,0.9977351018871894,0.0005984324025172318,0.00166646571029329
8150,0.9577797911560418,0.0008434575956457439,0.041376751248312416
8151,0.043491419712319325,0.019577435998976565,0.9369311442887042
8152,0.9928265766407942,0.0010020515563568888,0.006171371802848928
8153,0.6878322123851739,0.012947298105285615,0.2992204895095405
8154,0.9752018822114933,0.0057630748713423845,0.019035042917164256
8155,0.05794221645892335,0.022197074232036967,0.9198607093090396
8156,0.9897438442577755,0.003832593287693654,0.006423562454530861
8157,0.7235980200874551,0.08421743594530273,0.1921845439672421
8158,0.9694850241453241,0.018770513979716862,0.011744461874959021
8159,0.36585927688346936,0.02506549054863623,0.6090752325678943
8160,0.8309612322840905,0.0023227715417582,0.16671599617415145
8161,0.8711943892491893,0.008029022260422998,0.12077658849038769
8162,0.11778419268964106,0.680834626350474,0.20138118095988491
8163,0.5956960505668351,0.00390670237230593,0.400397247060859
8164,0.8216163523487762,0.13310145525272074,0.04528219239850326
8165,0.05425286844506589,0.0002689113171231779,0.9454782202378109
8166,0.29183766556162943,0.006885336886762124,0.7012769975516084
8167,0.37271881755276537,0.020836601553277177,0.6064445808939574
8168,0.40655793143393437,0.02480824689246138,0.5686338216736043
8169,0.7648419706324437,0.0011195252867035705,0.2340385040808527
8170,0.8414351486405757,0.007156913762201856,0.15140793759722243
8171,0.000698254056461707,3.856023362101496e-05,0.9992631857099172
8172,0.01207491165332991,0.004128912548338307,0.9837961757983319
8173,0.49819247655243726,0.0013325651577691493,0.5004749582897936
8174,0.964514123280236,0.0009455177008928724,0.03454035901887101
8175,0.9678992321122566,0.0060869840230344955,0.02601378386470893
8176,0.6497392239755221,0.001060004995878788,0.3492007710285992
8177,0.121757608806863,0.004956707631418187,0.8732856835617189
8178,0.6315532219381168,0.17325636903244185,0.19519040902944143
8179,0.4512352221751349,0.01287883430447629,0.5358859435203888
8180,0.7730130174873279,0.010577525311408624,0.2164094572012635
8181,0.12272216525102086,0.03611340201966337,0.8411644327293157
8182,0.9872235824680922,0.0005776291399436656,0.012198788391964255
8183,0.3293947614992624,0.0114268999020973,0.6591783385986404
8184,0.9282315517406555,0.025439910548473152,0.04632853771087134
8185,0.995436897793791,0.0016922598908510557,0.002870842315358124
8186,0.89803845477406,0.043609633238825385,0.05835191198711473
8187,0.5309705014259446,0.001203398482174993,0.46782610009188047
8188,0.7422004188652952,0.0014621192138148426,0.25633746192088985
8189,0.09919139530545493,0.03326732997801905,0.867541274716526
8190,0.03000634452694376,0.9354329664137188,0.03456068905933745
8191,0.9767135529754228,0.0014176105086249524,0.02186883651595229
8192,0.96396196539315,0.001629965194086149,0.034408069412763885
8193,0.9261576751582788,0.0009248194295697947,0.07291750541215122
8194,0.8013501410980243,0.019579647362102544,0.17907021153987324
8195,0.7438827554703492,0.0004526255931454799,0.25566461893650533
8196,0.6124699551934936,0.003523481942863105,0.3840065628636433
8197,0.5340729326718017,0.0009632903133504269,0.46496377701484787
8198,0.80972795949368,0.0137847384166347,0.1764873020896852
8199,0.9489100372957912,0.003612672094257424,0.047477290609951456
8200,0.9946424492290432,0.000442865201526735,0.004914685569430169
8201,0.0760461601050532,0.008291504978586944,0.9156623349163598
8202,0.30294250959138347,0.00569217446093785,0.6913653159476787
8203,0.9583677345003382,0.0029628705026004537,0.03866939499706136
8204,0.09802773423342552,0.09905170342997947,0.802920562336595
8205,0.8530031607445067,0.000794891360170928,0.1462019478953224
8206,0.07265905126809165,0.03631001445450451,0.8910309342774038
8207,0.9609477306091657,0.0005350587097589491,0.03851721068107534
8208,0.04824933688743633,0.005918381857321699,0.945832281255242
8209,0.2901078725671868,0.01833849058442218,0.6915536368483911
8210,0.8983371913068826,0.0066894983228197825,0.09497331037029765
8211,0.3875622416474813,0.05283525859151182,0.5596024997610068
8212,0.9098719482101644,0.0020944427872427425,0.08803360900259288
8213,0.9645847342529552,0.015510676363539273,0.019904589383505436
8214,0.01894513333029053,0.01849045423256156,0.9625644124371479
8215,0.8793340869881797,0.09987474317922686,0.020791169832593437
8216,0.9228133540873457,0.012170375276325484,0.06501627063632896
8217,0.9367039386535736,0.004333368393861841,0.05896269295256452
8218,0.047348619907220814,0.008862195648267325,0.943789184444512
8219,0.9843596107722797,0.00964793025684991,0.005992458970870419
8220,0.9074014443984257,0.009636640377203853,0.08296191522437048
8221,0.6226910359245517,0.0034866632324952367,0.37382230084295315
8222,0.8236844797905086,0.0024484922531184594,0.17386702795637293
8223,0.8140679370666325,0.029348677961784177,0.1565833849715833
8224,0.5057027151167268,0.03403585447611543,0.46026143040715783
8225,0.11119418096863708,0.0023422842829646374,0.8864635347483983
8226,0.013617060161204604,0.0003371154233796533,0.9860458244154157
8227,0.9980589374317606,7.499812564783476e-05,0.0018660644425914639
8228,0.92005121877728,0.0021625141440203386,0.07778626707869966
8229,0.011552981694704312,0.0004396848358230568,0.9880073334694726
8230,0.6648286204866086,0.0021411082377888087,0.3330302712756027
8231,0.47782361615480273,0.47325158043637,0.048924803408827225
8232,0.48504464679585185,0.03986085989513394,0.4750944933090142
8233,0.04939770581917497,0.0024913747195011472,0.948110919461324
8234,0.8924961738290648,0.0013237582443925086,0.10618006792654273
8235,0.46723933272807017,0.02535014345289024,0.5074105238190395
8236,0.2912409113168393,0.0021466151659616122,0.706612473517199
8237,0.9291984307742256,0.0253508692853375,0.0454506999404368
8238,0.1806476457355244,0.0860549930962771,0.7332973611681984
8239,0.10349159789715107,0.10353594209821436,0.7929724600046346
8240,0.9030963518580245,0.010509670321633826,0.08639397782034164
8241,0.013604400938185103,0.00011666021021298124,0.9862789388516018
8242,0.7672369288729896,0.00037660345927714186,0.23238646766773338
8243,0.46745692087417345,0.4603176291413783,0.07222544998444827
8244,0.965552553031867,0.0007714285450897982,0.03367601842304319
8245,0.9498432145710096,0.0044803509111299815,0.04567643451786051
8246,0.5147072010233248,0.044309311223176134,0.44098348775349905
8247,0.9966373370833785,0.0005625146761474155,0.0028001482404741746
8248,0.9838463179140883,0.002297488544399535,0.013856193541512232
8249,0.8962406954117652,0.0008733440888636456,0.10288596049937113
8250,0.9389193785075448,0.040682403297781375,0.020398218194673697
8251,0.4251717645740157,0.0006712983263278277,0.5741569370996565
8252,0.9386588345312743,0.002280110754445844,0.05906105471427982
8253,0.9836713635526922,0.0029247352865432643,0.013403901160764667
8254,0.7536273299206753,0.012866053106556806,0.2335066169727679
8255,0.8628913820090033,0.0030309696247583506,0.1340776483662384
8256,0.9859918729051445,0.0026934098890522007,0.011314717205803262
8257,0.5924640414007889,0.3940898014317616,0.01344615716744956
8258,0.0023758075629715385,3.034432764572058e-05,0.9975938481093828
8259,0.08164940090867806,0.016597120248292196,0.9017534788430297
8260,0.9759684635423469,0.0012888784359802485,0.02274265802167306
8261,0.7603222216330853,0.11898895301589313,0.12068882535102161
8262,0.8416396393486936,0.006684280049376123,0.1516760806019303
8263,0.8022504155103827,0.17342218985210353,0.02432739463751373
8264,0.7468429907968808,0.0003630419579330968,0.25279396724518616
8265,0.4711906535616448,0.08337224260586212,0.44543710383249296
8266,0.00047462419133587915,4.036634910367507e-05,0.9994850094595604
8267,0.9469671706844273,0.005321046731068041,0.04771178258450458
8268,0.9845303940312169,0.001346975472388717,0.01412263049639441
8269,0.8554535511116865,0.005242112533670445,0.13930433635464298
8270,0.6199919520885111,0.002997597696270991,0.3770104502152179
8271,0.8565786584460907,0.12293938137396485,0.02048196017994445
8272,0.9801168998318518,0.00037570670675706564,0.01950739346139093
8273,0.8753649394004304,0.033286839316723806,0.09134822128284596
8274,0.8268111279761376,0.020665863105072485,0.15252300891878992
8275,0.5335141238073984,0.06044382612201607,0.4060420500705857
8276,0.09108818835905991,0.013986688581218158,0.8949251230597218
8277,0.9393292769464655,0.000921159095584034,0.059749563957950676
8278,0.9153418629668814,0.01134547513825664,0.07331266189486196
8279,0.9656601678024772,0.008206044105276809,0.02613378809224613
8280,0.012117194193092352,0.02661840590406367,0.9612643999028441
8281,0.6164239300674793,0.1554499360589244,0.22812613387359632
8282,0.9738453187002905,0.011306764534823745,0.014847916764885826
8283,0.9276366170713131,0.002613209077790697,0.06975017385089632
8284,0.9647320064730627,0.0007378511634970689,0.03453014236344037
8285,0.029300252099762517,0.009647059089207958,0.9610526888110295
8286,0.9961839621820975,0.0004206277125444766,0.0033954101053579795
8287,0.43925538410999254,0.0017760625940380092,0.5589685532959695
8288,0.9834219824120727,0.001168182043078284,0.015409835544849116
8289,0.3268654057074335,0.02526630561697857,0.6478682886755879
8290,0.4178031550476894,0.002921208935060829,0.5792756360172499
8291,0.16126729381028168,0.008255147380502637,0.8304775588092158
8292,0.7890007046437181,0.000835691479553109,0.21016360387672886
8293,0.8849570823481303,0.02213778295689181,0.09290513469497796
8294,0.9795795166689008,0.0022663863748106517,0.018154096956288685
8295,0.9858543850321178,0.00875357430127922,0.005392040666603143
8296,0.18893432081826797,0.0033001349435775322,0.8077655442381545
8297,0.8206049154301429,0.005629625625025152,0.17376545894483209
8298,0.9930112325689029,0.0018922991057616675,0.005096468325335329
8299,0.9433431735863743,0.002465941749313314,0.05419088466431226
8300,0.8947518871285048,0.0016959330211962832,0.10355217985029883
8301,0.6543047242246784,0.04174486277448182,0.30395041300083964
8302,0.05272296618600731,0.019024415535171462,0.9282526182788212
8303,0.860181211580183,0.005952776384054712,0.13386601203576223
8304,0.016174828929337737,0.01744425671652478,0.9663809143541375
8305,0.9891244602375067,0.00166963099352469,0.009205908768968582
8306,0.8442720919355745,0.001829774619455198,0.15389813344497025
8307,0.004574152839021291,0.000633868780593612,0.9947919783803851
8308,0.731545017914489,0.0037582946171597124,0.26469668746835134
8309,0.07520002366677216,0.03725950381448727,0.8875404725187406
8310,0.8652404236709312,0.0007765407294420402,0.13398303559962674
8311,0.90336742308349,0.00040226094176894304,0.09623031597474101
8312,0.9735628237344928,0.0006063361132165545,0.0258308401522907
8313,0.9831520893136315,0.0016208392124443616,0.015227071473924185
8314,0.9591698006742655,0.0015445240307809525,0.03928567529495347
8315,0.7988960984047884,0.04852325335281779,0.1525806482423938
8316,0.8332020836493762,0.12894774596771824,0.037850170382905585
8317,0.6306981447810698,0.2560750444108607,0.11322681080806955
8318,0.78447176840068,0.02433194181016131,0.19119628978915865
8319,0.004020784342019142,0.00019829339973683835,0.995780922258244
8320,0.945294606633966,0.001412326370502815,0.05329306699553109
8321,0.8989136648127957,0.00567024322711118,0.09541609196009306
8322,0.20041748963278694,0.060293566094282686,0.7392889442729305
8323,0.008450537476067733,0.0006009593450717901,0.9909485031788604
8324,0.3158501707134804,0.000836752892115173,0.6833130763944044
8325,0.9932982321207003,0.004296531086307741,0.0024052367929917953
8326,0.9726948788468961,0.001393961393837112,0.025911159759266635
8327,0.9863718681684587,0.0018412006233603866,0.011786931208180964
8328,0.0014215056595918935,0.00018749881100600812,0.998390995529402
8329,0.9775245426647183,0.0014403279174518599,0.021035129417829812
8330,0.41998048458239134,0.002469125248565493,0.5775503901690431
8331,0.9521419436504438,0.0061789703873177245,0.04167908596223849
8332,0.23502649212165333,0.6163758417385273,0.14859766613981934
8333,0.9087933966753886,0.0005253925504062374,0.09068121077420513
8334,0.725485224299624,0.0036481149688074588,0.2708666607315685
8335,0.9415911396894585,0.0016675430114016854,0.05674131729913981
8336,0.20035700048975608,0.007448388191610176,0.7921946113186337
8337,0.611404738772271,0.015438734318620613,0.3731565269091085
8338,0.977535933779122,0.000851771492072011,0.021612294728805985
8339,0.21355094381490713,0.09137583851365709,0.6950732176714357
8340,0.984370732255535,0.0009629889431966828,0.0146662788012683
8341,0.9752039662737045,0.012539917137878465,0.012256116588417148
8342,0.9916036526547795,0.0010388263179901608,0.007357521027230564
8343,0.7924917172489261,0.019833158763018475,0.18767512398805553
8344,0.09324720832088147,0.003550043887917392,0.9032027477912011
8345,0.9637575746707173,0.000614370586289854,0.03562805474299276
8346,0.5200686432836769,0.0038570340826474645,0.47607432263367566
8347,0.3232003932548468,0.10863104506791868,0.5681685616772345
8348,0.5657720928956536,0.02404066402009941,0.410187243084247
8349,0.9649273789207842,0.0018929568218985673,0.03317966425731722
8350,0.7017813111524671,0.00970559535605224,0.2885130934914808
8351,0.6486167613398308,0.0005999361694317385,0.3507833024907375
8352,0.9698714828252418,0.005650185507705387,0.024478331667052804
8353,0.003149337774882595,3.411163557453693e-05,0.9968165505895429
8354,0.020301092946319734,0.006390976062129501,0.9733079309915507
8355,0.9932528037586449,0.0006401341779105844,0.00610706206344442
8356,0.4140268864948593,0.008965807330326175,0.5770073061748144
8357,0.008816008694762447,0.0027125043796157036,0.9884714869256219
8358,0.019828339342626768,0.05448736293199427,0.9256842977253789
8359,0.9748728197288912,0.015490082887990298,0.009637097383118395
8360,0.8660693482784595,0.003075515714117295,0.13085513600742327
8361,0.20995258485812257,0.01051211016852896,0.7795353049733484
8362,0.9400109002431469,0.02254190328139263,0.03744719647546034
8363,0.49770000973792566,0.0008429678319396193,0.5014570224301347
8364,0.8540749969371627,0.11033926311292916,0.03558573994990801
8365,0.7813730708148023,0.0008309121053511656,0.2177960170798465
8366,0.7682839262574863,0.0007219064533887581,0.2309941672891249
8367,0.9158922475408164,0.0064615071185551015,0.07764624534062842
8368,0.9720824894085895,0.002134300724534928,0.025783209866875666
8369,0.3189800051146183,0.0006075117288600938,0.6804124831565216
8370,0.9920975627101662,0.0011851371416165986,0.006717300148217207
8371,0.3558837441222334,0.0045656312061862344,0.6395506246715804
8372,0.0008344955974388077,0.000305996836710705,0.9988595075658504
8373,0.10268418057391099,0.0038662233868314547,0.8934495960392577
8374,0.027129577682169528,0.0003873886134197201,0.9724830337044107
8375,0.9941765915434748,0.0007927105954920661,0.005030697861033077
8376,0.05959209557635042,0.007742053326167173,0.9326658510974823
8377,0.8964244418954662,0.0534603513630092,0.05011520674152442
8378,0.9726753677839887,0.0026024263163226774,0.02472220589968879
8379,0.9820384131001724,0.003806180619248464,0.01415540628057919
8380,0.8080519856703182,0.013999624764291244,0.17794838956539052
8381,0.9803279799109217,0.003920241104805738,0.015751778984272585
8382,0.8125798885198421,0.0005331482687755961,0.18688696321138237
8383,0.9483033510886637,0.0015862597840057794,0.05011038912733043
8384,0.9607215539320829,0.0010344500936241474,0.03824399597429298
8385,0.05534175541170012,0.16806717712722524,0.7765910674610746
8386,0.3191337625587826,0.03362594165371319,0.6472402957875041
8387,0.9894493198134827,0.0007232980301032631,0.009827382156413917
8388,0.37278206157627153,0.005435447267274309,0.6217824911564541
8389,0.8158728470946762,0.006780971512273005,0.17734618139305086
8390,0.07729908176979441,0.0021411229969570938,0.9205597952332485
8391,0.44664062890752715,0.008694224438875357,0.5446651466535974
8392,0.9371341352754549,0.007196322670533647,0.055669542054011534
8393,0.9757056491333624,0.006771115154073932,0.017523235712563687
8394,0.8939726714920059,0.008843359307903238,0.09718396920009097
8395,0.3568047680028357,0.1206294724292024,0.5225657595679618
8396,0.621138094972988,0.0037330356342255284,0.37512886939278645
8397,0.9171491303488798,0.0008991028425300744,0.08195176680859007
8398,0.9715168532167617,0.0004079560379431623,0.028075190745295093
8399,0.7512878214303172,0.0019437757435498578,0.24676840282613288
8400,0.0007244534599717713,0.00011212434087526049,0.999163422199153
8401,0.058604740501377935,0.9020093590020347,0.039385900496587446
8402,0.08196587222231495,0.043545753082354414,0.8744883746953306
8403,0.14325090831334214,0.46210077308978037,0.39464831859687743
8404,0.932177598332273,0.0003817102084862533,0.06744069145924063
8405,0.0037485617285167114,0.00013887017933475086,0.9961125680921485
8406,0.7875996474332534,0.0004884975029981651,0.21191185506374843
8407,0.9558335729011007,0.0035256708180803316,0.04064075628081884
8408,0.8336680342663919,0.0008205045749966834,0.16551146115861154
8409,0.03097095535114521,0.0069973257238179695,0.9620317189250369
8410,0.37570389338483656,0.24204810499302204,0.38224800162214134
8411,0.4920376541077122,0.0008956530044578528,0.5070666928878299
8412,0.002306311273679098,0.00012807706893773197,0.9975656116573832
8413,0.0006385451904288406,0.00023791657490091048,0.9991235382346704
8414,0.917842415686165,0.023086088045633616,0.05907149626820154
8415,0.9794313993234327,0.009146186825239773,0.011422413851327733
8416,0.9579329427875064,0.0015959679613626334,0.040471089251131
8417,0.19694197842956784,0.020000977671418493,0.7830570438990138
8418,0.8950811744757127,0.006438068857590765,0.09848075666669669
8419,0.08828246160201199,0.25549417030146554,0.6562233680965225
8420,0.6697502339080775,0.0008504709614334761,0.3293992951304889
8421,0.1726092383309083,0.1391338233812607,0.688256938287831
8422,0.9700221041714259,0.0009780147159327709,0.028999881112641342
8423,0.9457499729703919,0.002981477712239187,0.05126854931736889
8424,0.7693854372195967,0.015452776262545011,0.21516178651785814
8425,0.9283654482047989,0.002543698226196267,0.06909085356900488
8426,0.07362225916211831,0.009170185290016977,0.9172075555478646
8427,0.6159949823436764,0.014790515674270263,0.3692145019820533
8428,0.9923320152744934,0.00022575671819650877,0.00744222800730995
8429,0.9892980532365464,0.0006578948964625895,0.010044051866991048
8430,0.9773043005680114,0.002753392211971078,0.0199423072200175
8431,0.022917051470367808,0.0015655045303250717,0.9755174439993072
8432,0.5598022891360099,0.10065449118496639,0.3395432196790237
8433,0.9576655476995776,0.013607810580911872,0.028726641719510688
8434,0.019473470146208517,0.0010237551943026,0.979502774659489
8435,0.9844763242553063,0.001006682455565379,0.014516993289128156
8436,0.5934241149950763,0.01850445312876007,0.38807143187616366
8437,0.12944145765320006,0.0016914005325913235,0.8688671418142085
8438,0.9636705594151865,0.017215347085958507,0.019114093498855025
8439,0.8331469406586695,0.005301616523518954,0.1615514428178116
8440,0.8106524368494585,0.08262673863633709,0.10672082451420437
8441,0.16999895019358352,0.0003568935991384605,0.8296441562072779
8442,0.9607701912546761,0.01928666059603037,0.019943148149293606
8443,0.8606065082905174,0.002662463622401812,0.1367310280870808
8444,0.9188847023944092,0.02437470778589637,0.05674058981969442
8445,0.9913600539330456,0.003819325438025196,0.004820620628929057
8446,0.8868791420868712,0.001402657930509803,0.11171819998261884
8447,0.057797876156439464,0.0071726818259088875,0.9350294420176516
8448,0.9703135829713001,0.0029654615294140148,0.026720955499285725
8449,0.6045589071041636,0.03753848178310174,0.35790261111273464
8450,0.6993252893803433,0.22751026024733537,0.07316445037232126
8451,0.973871613177236,0.004317938330574906,0.021810448492189164
8452,0.9948121016293165,0.001021745826748304,0.004166152543934968
8453,0.8666728463476584,0.0033650694916205082,0.12996208416072114
8454,0.3050985808434429,0.021061280910997602,0.6738401382455596
8455,0.2872159602105535,0.002456019457931683,0.7103280203315148
8456,0.31366531318582425,0.016831770099769668,0.6695029167144062
8457,0.9476487724012217,0.0003188863191339927,0.05203234127964442
8458,0.6286832136462341,0.018458606656890062,0.35285817969687583
8459,0.955443369785758,0.006327626954601377,0.03822900325964064
8460,0.9860582615257676,0.0019523259760859096,0.011989412498146342
8461,0.2880835042176238,0.003987875811150393,0.7079286199712258
8462,0.9621464806493867,0.0025437065046976584,0.03530981284591556
8463,0.610979493387267,0.0024575187430151023,0.3865629878697178
8464,0.9277415946907575,0.001792688055126091,0.07046571725411632
8465,0.43187917038983104,0.01836440232952604,0.5497564272806429
8466,0.8388800536690985,0.020232267170279872,0.14088767916062162
8467,0.8695144709924554,0.0008527925320607541,0.1296327364754839
8468,0.3635664189331804,0.008872686236095623,0.6275608948307239
8469,0.5420459076829534,0.011961944787820249,0.44599214752922645
8470,0.6980121595330566,0.018996211854815197,0.2829916286121282
8471,0.8866449837652634,0.05666995079640499,0.05668506543833171
8472,0.8529125473695733,0.026590860396527357,0.12049659223389934
8473,0.9571530847725412,0.03200143842633767,0.010845476801120999
8474,0.7661723883346241,0.09413552000725448,0.13969209165812138
8475,0.26617372556896657,0.043873105326536946,0.6899531691044966
8476,0.9512647517065612,0.0023972981512597248,0.04633795014217924
8477,0.813177753013998,0.10543870345050198,0.0813835435355
8478,0.9072567414801407,0.0026491810653724037,0.09009407745448687
8479,0.9742415828554236,0.003751654013968757,0.022006763130607555
8480,0.9616287752150422,0.012366824013427556,0.026004400771530257
8481,0.9921710980382799,0.0015598991502198364,0.006269002811500435
8482,0.44980952318930767,0.03280279281653572,0.5173876839941566
8483,0.14084006634950072,0.011288072515673018,0.8478718611348263
8484,0.944705232991039,0.006954070297164533,0.04834069671179659
8485,0.9704377900150761,0.0009634293438894476,0.028598780641034327
8486,0.1377922132648889,0.003470611207182506,0.8587371755279285
8487,0.7431117381158006,0.0014636148366851797,0.2554246470475142
8488,0.9162486872446153,0.027813792491252834,0.05593752026413188
8489,0.8815422857335297,0.05121161022570627,0.06724610404076414
8490,0.029472148280629506,0.0009424487212299522,0.9695854029981406
8491,0.3512841990492431,0.01811453454247354,0.6306012664082834
8492,0.9436814977371565,0.019957685143469607,0.03636081711937404
8493,0.8351608930012828,0.0015112537366475836,0.16332785326206964
8494,0.8901209975718497,0.002188128573199189,0.107690873854951
8495,0.9426973778680089,0.018028202210738167,0.03927441992125303
8496,0.9664627091349154,0.011541968028230312,0.02199532283685435
8497,0.9697709113225005,0.0007380562414818742,0.029491032436017493
8498,0.36117254772678664,0.010844184794686,0.6279832674785274
8499,0.8070596595432462,0.0008154417844228713,0.192124898672331
8500,0.9742110375519784,0.0017775812481296254,0.02401138119989202
8501,0.7091430863262642,0.00700832726078621,0.2838485864129496
8502,0.02015942267983116,0.00014989537292075297,0.9796906819472481
8503,0.8492737427708473,0.03163430678693253,0.11909195044222029
8504,0.01731504744105382,0.001378376831991058,0.9813065757269551
8505,0.9275194380568068,0.0008748562764364756,0.07160570566675681
8506,0.9784151809243397,0.0005930759417182765,0.020991743133942028
8507,0.46957714628906894,0.0008839609618121816,0.5295388927491189
8508,0.85969597709561,0.0009596374169131447,0.13934438548747688
8509,0.9807805495452406,0.0014794051476429383,0.017740045307116488
8510,0.9425674892803934,0.03555192664781234,0.02188058407179429
8511,0.9779337725750249,0.005542816319624858,0.016523411105350227
8512,0.0852906448016662,0.001082929693874231,0.9136264255044596
8513,0.596845157702626,0.1909840980831191,0.21217074421425483
8514,0.003655196174550277,0.0006291800947402852,0.9957156237307094
8515,0.6696880874875941,0.0023416547808418516,0.32797025773156396
8516,0.14931960664786748,0.01856079481095012,0.8321195985411823
8517,0.43819265358187764,0.03040291697260169,0.5314044294455206
8518,0.44006489220235107,0.40784938530510606,0.1520857224925429
